014001 - 
014002 - 104908
014003 - 104004
014004 - 234112 014603 014003
014005 - 014104
014006 - 234112 104004
014007 - 234112 014110 014108 014104 014008
014008 - 
014009 - 
014010 - 054408 014326 014005
014100 - 014110
014101 - 
014103 - 
014104 - 014103
014105 - 014104
014106 - 104131 104006 014108
014107 - 104131 014145 104131 014105
014108 - 014104
014110 - 014141 014140 014114 014140 014127 014114 014141 014125 014114 014127 014125 014114
014111 - 014123 014105
014112 - 014127 014106
014113 - 014411 014149 014143 014411 014143 014141
014114 - 014123
014121 - 014104
014123 - 014505 014108 014008
014124 - 014143 014123
014126 - 014125
014129 - 
014130 - 
014131 - 
014132 - 014131
014136 - 
014138 - 014123
014140 - 104131 014108 014105 014008
014141 - 014123
014142 - 014411 014150 014123 014109 014106 014411 014150 014146 014143 014123 014411 014146 014140 014123 014109 014411 014143 014140 014123 014106 014411 014125 014123 014109 014106 014411 014143 014125 014123 014106 014411 014140 014123 014109 014106
014143 - 014108
014145 - 014104
014146 - 104131 104006 014143
014147 - 014149 014140 014114 014149 014148 014140 014150 014148 014141 014150 014141 014114 014141 014140 014114 014150 014149 014148
014148 - 014123
014149 - 014123
014150 - 104131 014143 014108 014105 014008 104131 014109 014108 014105 014008
014151 - 
014201 - 014205
014202 - 014201
014205 - 054203 014211
014208 - 014603 014323 014322 014205 014603 014315 014205
014211 - 114077 104003 014104 114071 104003 014104 114051 104003 014104
014212 - 014003 014211 014003
014213 - 014211
014300 - 014322 014315
014301 - 014322 014212 014205 014315 014212 014205
014304 - 
014305 - 014322 014315
014309 - 014322 014315
014313 - 064419
014316 - 125011 124120
014318 - 
014319 - 125011 124114
014320 - 125011 124114
014321 - 134019 064419
014322 - 124114 054131 125011 054131 124120 054131 125001 054131
014323 - 014213 014205
014326 - 125801 124801
014400 - 014411 014409
014401 - 014408 014407 014411 014409
014405 - 014104
014409 - 014405 014211 014104 014006
014410 - 014408 014407
014411 - 014409
014500 - 014515 014508 014506 014505
014501 - 
014503 - 016505 014506 014505 014513 014506 014505 014508 014506 014505 014515 014506 014505
014504 - 014503
014505 - 125013 125001 125011
014506 - 014505 014123
014508 - 014505 014123
014510 - 014517
014512 - 114052
014513 - 014505
014516 - 
014517 - 
014600 - 014610 014609 014606
014601 - 014614 014610 014609 014606
014603 - 
014605 - 014606 014123
014606 - 014603
014609 - 014610 014606 014603
014610 - 
014613 - 014606
014615 - 014606 014603
014616 - 
014617 - 014606
014700 - 014710 014708 014707 014703 014701
014701 - 014710 014708 014707 014703
014703 - 014730 014003
014704 - 
014706 - 014707
014707 - 014730
014708 - 014730
014709 - 014718 014731 014730 014409 014730 014409
014710 - 014718 014731 014730
014713 - 014730 014703
014714 - 014730
014716 - 014730
014717 - 014718 014731 014730
014718 - 014841 014104
014719 - 014709 014708 014707 014703
014720 - 
014721 - 014703
014722 - 014707
014723 - 014708
014724 - 014710 014709
014725 - 014718 014731 014730
014728 - 014730
014729 - 014730
014730 - 
014731 - 014841 014104
014814 - 234112 014842
014829 - 014842
014831 - 014863 014850
014841 - 014008
014842 - 014841
014843 - 014842 014814
014845 - 234112
014846 - 014841
014848 - 014841
014849 - 014844 014842
014850 - 014863 014842 014829
014851 - 014863 014848 014814
014852 - 014851
014853 - 014851
014855 - 014845 014814
014856 - 014847
014857 - 014847
014858 - 014843
014859 - 014863 014844 014842
014861 - 014853
014863 - 014842
014864 - 014851
014865 - 014851
014866 - 014851 014858 014857 014856
014867 - 014851 014850
014868 - 014852 014850
014869 - 014858 014857 014856
014872 - 234112 014841
014873 - 104277
014874 - 
014875 - 014853 014852 014850
014876 - 014858 014857 014856
014877 - 014842
014878 - 014846 014842
014879 - 014877
014880 - 205657 014843 014842
014917 - 
014918 - 094431 014003
014919 - 094431
014920 - 094480
014924 - 074076 074075 074073 014919 014918 014917
014926 - 114052 104131
014927 - 014926
014928 - 015019
014929 - 015019
014930 - 076914 017031 017006 014874
014932 - 014103
014933 - 
014935 - 094480 044099 044099 014003
014936 - 074044 015018
014937 - 074153 014936
014940 - 054203 014211
014950 - 014977 014205 014957 014205
014952 - 014956
014953 - 014957 014205
014954 - 014211
014956 - 125013 125001 014320 014319 125011 124120
014958 - 014977 014205 014957 014205
014959 - 124114 125011 125001
014960 - 
014966 - 074130 064010 014301
014968 - 
014969 - 016212 014975 014958 014950 014603
014970 - 074149 014969
014972 - 015007 014205
014973 - 014925 014211
014977 - 104218 054203 104218 014211
015001 - 134078 074144 015904
015007 - 114077 104006 114051 104006
015008 - 074131 015007
015009 - 
015010 - 074134 015009
015011 - 034028 015007
015012 - 074008 015011
015013 - 074131 015007 014103
015014 - 
015015 - 034015 015007
015017 - 015013 014409
015018 - 034015 015010
015019 - 104218 104131 044109 044099
015902 - 074132 074018 015013 015008
015904 - 
015905 - 
016111 - 014123 014105
016124 - 014143 014123
016142 - 014411 014123 014150 014143 014140 014125 014109
016143 - 014123 014141
016144 - 014143
016203 - 014325 014205 014004 014323 014212 014205 014004 014315 014212 014205 014004
016204 - 054374 014977 054374 014957 014977 014006 014957 014006
016205 - 014977 014957
016206 - 014211
016208 - 016210
016209 - 016208
016210 - 014205
016211 - 014212 014205
016212 - 014212 014205
016213 - 014205
016214 - 234112 014211
016215 - 134067 014313
016216 - 017022 016329 014320
016217 - 064419 016329
016218 - 134019 064419 014313
016219 - 017012 014006 016205 014006 016204 014006
016220 - 114052 114051 104218 104131 104004 104003 014211
016221 - 016206
016302 - 
016303 - 016302
016327 - 019319 014320 014320 014313 064419 014320 019319 019318 019318 014313 064419 019318 019319 014317 014317 014313 064419 014317
016328 - 054307 014322 014315
016329 - 
016336 - 016302
016403 - 014409 014405 014104
016421 - 014411 014409
016501 - 
016503 - 014505
016504 - 014505 014003
016505 - 014505
016514 - 014505 014326 014505 014316
016619 - 014610 014609 014123
016620 - 
016709 - 
016712 - 014731 014718
016801 - 014814
016803 - 014835 014833
016815 - 
016816 - 014849 014848
016817 - 014855
016818 - 014850
016819 - 014859
016820 - 
016826 - 
016827 - 
016828 - 
016829 - 
016830 - 014858 014856
016831 - 014857
017001 - 074143 014968
017002 - 015007
017003 - 084730 054314 044191 034020 015019
017004 - 034020 084730 054314 044191 015019
017005 - 
017006 - 
017008 - 125011 124114
017009 - 014956
017010 - 034010 015011
017012 - 054374 014957 014957 014006 054374 014977 014977 014006
017013 - 074019 074014 074019 014975 074014 014958 014975 014958
017019 - 034010 015011
017021 - 014006
017022 - 074103 014959 014322 014315
017023 - 094480
017031 - 014968
017032 - 074014
017033 - 014006 014003 234112 014935 014003 234112 094480 234112 094480 014935
017034 - 034029 015008 014104
017036 - 234112 114052 014935
034010 - 114051 104131 104022 034028
034011 - 104218 034033 034032 034029 034010
034013 - 104218 104131 034035
034014 - 034035 034013
034015 - 314533 034042 034030 034029 314533 034036 034030 034029
034016 - 034015
034018 - 034016
034022 - 114075 034032 114052 034032
034028 - 104016
034029 - 034028
034030 - 314533 034036 034028 314533 034042 034028
034032 - 104131 104016
034033 - 234112 104131 234111 104131
034034 - 034022
034035 - 104022 104018
034039 - 034044 034038
034040 - 034032
034042 - 
034043 - 034042 034036
034044 - 094480 034040 034029 034014 034010
034045 - 094480 034032
034205 - 034040 034015 034013
034206 - 034205
034210 - 034013
034211 - 034210 034013
034305 - 
034306 - 034305
034309 - 
034310 - 034309
034311 - 035060
034312 - 034311
034315 - 
034316 - 034315
034317 - 
034318 - 034317
034319 - 
034320 - 034319
034325 - 
034326 - 
034331 - 
034332 - 034331
034335 - 
034336 - 034335
034337 - 035003
034338 - 
034339 - 
034340 - 034339
034349 - 035032
034350 - 034349
034351 - 036031 036010 035024 034213 034212
034352 - 034351
034353 - 034015
034354 - 034353
034355 - 034040 034022 034014
034356 - 034355 034040 034022 034014
034361 - 035188
034362 - 034361
034363 - 
034364 - 034363
034371 - 034043 034030 034029 034015 034037 034030 034029 034015
034372 - 
034373 - 114210 114073
034374 - 034373
034375 - 134127 034010 134058 034010
034376 - 034375
034401 - 035188 035001
034404 - 234102 035003 234111 035003 234112 035003
034405 - 
034406 - 035188
034410 - 034014
034411 - 035146
034413 - 034030
034419 - 035032 034022
034420 - 034039 034014
035001 - 034032 034010
035003 - 234112 234111
035008 - 034040
035010 - 034010
035013 - 034033
035014 - 035190 034033
035018 - 094480 034032
035021 - 034015 034010
035022 - 104218 034033 034015 034014
035023 - 034014
035024 - 034371
035026 - 
035032 - 034040 034032 034022 034032
035033 - 034022
035034 - 314533 034029
035035 - 034013
035036 - 035188
035037 - 034016 034010
035039 - 034032
035040 - 035033 034032 034022 034010
035041 - 114075 114052
035042 - 034371 034015
035043 - 034029
035044 - 034033 034028
035045 - 034035 034014
035046 - 
035061 - 035044 034013
035062 - 
035063 - 035044 034029
035091 - 034035
035092 - 035150 034014
035123 - 034030
035124 - 034029
035141 - 034014
035142 - 034014
035143 - 034013
035144 - 034013
035146 - 034014
035147 - 
035148 - 034015
035150 - 
035177 - 034029
035179 - 
035187 - 114210 114073
035188 - 034040
035189 - 034033 034013
035194 - 114210 114073 034029
035195 - 114210 114073
035197 - 034015
035198 - 114210 114073 104214 044140 114245 114210 114073 104214
036001 - 104218 104131
036002 - 036001
036003 - 104218 104131
036004 - 035043
036005 - 034010
036006 - 104213 036003 034029
036007 - 034011
036008 - 034013
036009 - 034014
036010 - 034016 034013
036012 - 035188
036013 - 035188
036014 - 035124 034029
036015 - 234102 034033
036016 - 036015
036020 - 
036026 - 035188 035001
036027 - 035044 034032 034013 034010
036029 - 035123
036031 - 034029 034016
036032 - 034013
036035 - 034014 034013
036038 - 034013
036039 - 035188
036041 - 034015
036042 - 034032 034010
036044 - 035003 035001
036045 - 036020
036047 - 035188
036048 - 034032
036049 - 035188 035039
036050 - 035188
036052 - 
036053 - 034029 034010
036055 - 114210 035198
036057 - 094506 094480 094480 034032 094480 014606 094480 014004
036058 - 034029
036061 - 034014 034013
036062 - 034029 014107 086576 036069 035043
036063 - 034039
036064 - 
036065 - 314008 314003 114075 314533 114052 034029
036066 - 
036067 - 
036068 - 034014
036069 - 034029
036070 - 114210 035198
036071 - 104218 034029 034010
036072 - 335334 038785 035010 035001
036073 - 
036074 - 035035 034013
036075 - 
036076 - 034014 034013
036078 - 
036079 - 036075 035146
036080 - 036075 035146
036081 - 034029 034015 034010
036082 - 035146
044000 - 
044003 - 
044004 - 
044005 - 
044099 - 044109 044102
044101 - 234117
044102 - 
044105 - 114075 104135 114052 104131
044109 - 114052
044114 - 
044125 - 
044130 - 104221 044105 104215 104214 044105
044140 - 104223 104220
044142 - 044130 044125 044130 044127
044145 - 
044147 - 234145 044125 044145 044125 234145 044127 044145 044127
044148 - 114245 044140
044151 - 044102
044160 - 044102
044162 - 044151 044102 044160 044102
044164 - 044151 044102 044160 044102
044167 - 044151 044160
044169 - 044102
044170 - 044102
044173 - 044167 044160
044180 - 
044184 - 
044185 - 
044191 - 044130
044192 - 044202 044191
044193 - 044191
044198 - 044130
044202 - 104034 044130 104222 044130 094412 044130
044214 - 044142 044130
044231 - 044127 044125
044239 - 044127 044125
044262 - 234145 234117 234117 044145
044265 - 044264
044268 - 234117 234114 234112 234111
044321 - 044268 044101
044334 - 104034 094412
044339 - 114210 044140
045000 - 
045001 - 044145
045336 - 236335 236267 236335 046267 236267 044334 046267 044334
046001 - 236364 234122 234122 046209 234123 234122 234123 044101 236364 044101 046209 044101
046002 - 104034 044268 094412 044268 104222 044268
046003 - 
046004 - 
046005 - 236334 044334
046006 - 
046012 - 124408 044125 125001 044125 124408 044127 125001 044127 124114 046241 315030
046041 - 046326
046052 - 046241 115203
046129 - 124408 114203 046241
046187 - 044142
046188 - 044142 044140
046189 - 044130
046195 - 104034 044130
046196 - 044191
046197 - 104016 104011
046200 - 094491 044198 094411 044198 104222 044198 094492 044198 094412 044198 104034 044198
046201 - 044202
046204 - 044202 044142
046205 - 046206
046206 - 044202
046208 - 046206
046209 - 234122 044262 044262 044101 234262 234122
046210 - 
046216 - 044148
046225 - 115203 044125 115203 044127 114073 044125 114073 044127
046232 - 115203 046129 046241 046129 115203 114217 115203 044129 114217 046241 046241 044129
046234 - 044127 044125
046235 - 044125 044127
046237 - 044147
046239 - 124114 044231 125001 044231 124114 046225 125001 046225 046012
046241 - 114073 044140
046244 - 044140
046249 - 114210 044148
046250 - 
046256 - 044148
046266 - 044262 044101
046267 - 044262
046270 - 234145 104034 104034 044145 234145 094412 094412 044145
046271 - 234122 044268 234218 234122 234218 044101 044268 044101
046272 - 234218 234123 234123 044268 234218 046209 046209 044268
046273 - 044101 234122
046274 - 046209 234267 234123 046267
046326 - 
046332 - 044130
046335 - 044334 044268 236334 234246 236334 044268 234246 044334
046336 - 236334 234267 236334 046267 234267 044334 046267 044334
046342 - 044148
046345 - 234218 044268 044101
046733 - 046206
046745 - 044202 044198
046746 - 046200
046773 - 044127 044125
046831 - 046200
046851 - 115203 114210 114210 046241 115203 044339 046241 044339
046853 - 046267
046864 - 044130
046868 - 044202
046880 - 236354 234247 236354 044268 234247 046237 046237 044268
046903 - 044148 044142
046925 - 044202
046952 - 046335 046005
046968 - 
046993 - 044334
054131 - 124120 124114
054132 - 
054133 - 
054203 - 114051 104131 054131 114051 104131 054131 114051 104131 054130 114051
054215 - 114077 104004 054131 114071 104004 054131 114051 104004 054131
054251 - 
054305 - 054307 054306
054306 - 104131 054203 104213 054203
054307 - 054203
054308 - 054307 054306
054310 - 054307 054306
054314 - 104213 054215 104131 054215 104213 054205
054315 - 104213 054215 104213 054205 104131 054215
054330 - 054131
054350 - 125801 124708
054351 - 054203
054354 - 054307
054364 - 054251
054367 - 054203
054368 - 054367
054369 - 054351 054350
054371 - 054402
054373 - 114052 054215
054374 - 104131 054130 104213 054130
054375 - 114052 054306
054400 - 054310 054308 054310 054305
054401 - 054308 054305
054402 - 054408 054330 054315 054308 054307 054306 054215 054408 054330 054315 054307 054305 054215 034306
054406 - 054308 054305
054407 - 054406
054408 - 124114 054215 014211 124114 054215 054203
054409 - 054408
054410 - 054402
054412 - 054408
054413 - 054315
054414 - 054314
054415 - 054409 054305
054420 - 054308 054306 054203 054306 054305 054203
054451 - 054374 054315 054306
054452 - 
054453 - 134113 124414 134067 124414
054461 - 054314
054470 - 
056120 - 
056140 - 
056142 - 054305
056146 - 
056166 - 054315
056375 - 
056378 - 315003 035091
056379 - 054307
056380 - 054307
056381 - 
056383 - 
056384 - 054307
056386 - 
056387 - 104219 054215
056388 - 054315
056389 - 104219 054306 054203
056390 - 124710 124414 054315
056391 - 124120 114053 114052
056392 - 054305 014003 094480 054308 054308 014003 094480 054308
064001 - 
064002 - 064001
064003 - 064238
064004 - 064238
064005 - 
064010 - 014315 014205
064071 - 234112
064106 - 124503 114051
064109 - 064238
064115 - 104213 104131
064117 - 064115
064118 - 064117 064106
064119 - 064239
064209 - 064405 064239 064238 064117
064210 - 064322
064211 - 064322
064212 - 064522
064238 - 114052 064322 064106
064239 - 064118 064117 064115
064242 - 
064322 - 134113 134019 125801
064324 - 125105 064322
064325 - 134113 134019 125105
064326 - 064325 064322
064330 - 094480 064324
064405 - 064419 064413
064413 - 134058 064522
064419 - 134067 134058 134058 064522
064507 - 134113 134019 064523 064419 064322
064508 - 064509 064507
064509 - 064419 064115
064522 - 
064523 - 134058 125801
064603 - 064322
064611 - 134019 064419
064612 - 064603
066112 - 
066215 - 064324 064238
066217 - 064238
066226 - 125801 064322
066230 - 094480 064238
066237 - 064322 064117 064106
066241 - 066217
066243 - 064118
066246 - 064405 064322 064118
066328 - 064238 064118
066329 - 124414 064238
066411 - 064507 064419
066417 - 134121 064419 064405
066418 - 134121 134082 064419 064405 064509 064507
066505 - 064117
066513 - 136083 064507 064419
066516 - 276413 064509 064507 064419
066517 - 134020 064507
066518 - 134113 134019 125801
066521 - 
066524 - 064419
066525 - 
066526 - 134132 134082 064507
066605 - 064603
066613 - 064322
084142 - 104034
084153 - 084311 044109
084155 - 
084156 - 084153
084213 - 104022
084220 - 084311 084225
084221 - 084311 084225
084225 - 114051 104022 104009 084505
084311 - 114051 104218 104215
084312 - 084311 084213
084314 - 084311
084401 - 
084402 - 125001 084312
084505 - 
084512 - 084513 084225
084513 - 104218 084505
084636 - 084640 084513
084640 - 314200 084505 084155
084653 - 084913 084735 084636 084512 084402 084401 084220
084654 - 084653
084661 - 084913 084735 084636 084512 084402 084401 084220
084662 - 084661
084663 - 084913 084735 084636 084512 084402 084401 084220 084142
084664 - 084663
084665 - 084913 084735 084636 084512 084402 084401 084220
084666 - 084665
084667 - 084913 084735 084636 084512 084402 084401 084220
084668 - 084667
084730 - 114051 104215 104131
084735 - 084730
084913 - 084730
085101 - 
085102 - 
085103 - 
085104 - 
085105 - 085104 085103 085102 085101
085106 - 085105
085135 - 234112 104131 104022
085156 - 
085180 - 104034 085135
085201 - 
085220 - 084221 084220
085305 - 084153
085326 - 
085403 - 084402
085405 - 084402 084401 084153
085505 - 084512 084153
085531 - 084513
085550 - 084513
085677 - 084640 084513 084155
085678 - 085677 084513 085677 084640 085677 084155
085691 - 084913 084636 084512
085695 - 084220
085705 - 084735 084153
085735 - 084735
085801 - 
085802 - 
085851 - 
085852 - 085851
086172 - 085135
086201 - 084225 084220
086219 - 084311
086220 - 084735
086222 - 084142
086233 - 
086234 - 
086241 - 084512 084312 084225
086284 - 084311
086287 - 084913 084225
086289 - 084735
086290 - 086923 084735 086287 084735
086320 - 084314
086322 - 
086376 - 085135 084312
086380 - 084314
086389 - 084312
086390 - 084314 084312
086414 - 084402 084314
086461 - 
086477 - 084505 084402 084314
086478 - 084402
086484 - 084401
086574 - 084513
086576 - 084513
086583 - 084512 084220
086640 - 084142
086670 - 
086721 - 
086733 - 104034 084730
086735 - 086733
086755 - 084735
086759 - 084735
086760 - 084735
086800 - 084314 084312
086901 - 084512 084225
086921 - 
086923 - 084913
087532 - 084512 084225
094100 - 
094120 - 094219
094134 - 095112
094139 - 094412 094313 094411 094313
094140 - 095605 094423 094141 095604 094423 094141
094141 - 094100
094142 - 094334 094141 094139
094155 - 094139
094186 - 
094187 - 
094188 - 
094189 - 094222
094194 - 094423
094195 - 094189
094196 - 094195
094197 - 
094198 - 094142 094139
094199 - 094197
094210 - 234111 094219
094219 - 234114 234111
094222 - 234122 094219
094223 - 094344 094219 094344 044101 234122 094344
094237 - 094222
094240 - 234218 234112 094344 234112 094344 094223 234218 234111 094344 234111 094344 094219
094243 - 094222
094244 - 094222
094257 - 094222
094287 - 236363 094222
094313 - 234111 104167 234111 104009
094314 - 234114 104167 094412 094344 234111 104009 094411 094344
094323 - 104167 104013 104020 104009
094325 - 094423 094314 094313
094327 - 104281 094313 104004 094313 104014 094313 104011 094313
094334 - 094423 094344 094314
094344 - 
094411 - 104020 104014
094412 - 104020 104014
094423 - 104034 094412 094411
094480 - 104091 104011 104004
094501 - 
094503 - 104010 104005 094591 094501
094504 - 094503
094506 - 094504 094503
094511 - 094501
094513 - 104010 104005 094591 094511
094514 - 094513
094515 - 094513
094564 - 094511 094501 094591 094412 094411
094566 - 094564
094568 - 094513
094569 - 094564
094577 - 094513 094503
094578 - 094513 094503
094579 - 094513 094503
094585 - 094513 094503
094591 - 104010 104003
094592 - 104010 104003
094607 - 095605
094616 - 094607
094813 - 094825 094822
094814 - 
094815 - 216117 094816 094814 096809 094816 094814 096817 094816 094814 274346 094816 094814 094816 094814 066525 094816 094814 045000
094816 - 
094821 - 
094822 - 094821
094825 - 094822 094821
094831 - 094591 094423 094323
094832 - 094831
094833 - 094591 094423 094323
094834 - 094831
094842 - 
094851 - 094831 094314
095111 - 094141
095112 - 094423 094141
095113 - 094139
095120 - 095140
095140 - 236330 104034 094314 094313
095141 - 104034 094480 094412 094411
095144 - 094142
095210 - 094222
095411 - 104011 094431 104011 094423 104034 104011 104011 094480 104004 094423 104034 104004 104004 094480
095412 - 094480 094423
095413 - 094423 094480
095414 - 094480 094423
095415 - 094480 094423
095416 - 114052 094480
095417 - 114052 104011 095411 094323 114052 104004 095411
095418 - 095414 074077
095419 - 095412 074075 014918
095420 - 
095536 - 094592 094591 094503
095605 - 094423
095618 - 095605 094423 094140
095619 - 094616 094607
095648 - 095605
095661 - 094616
095678 - 095605
095815 - 
096110 - 096410 094117 094115 094113 035173
096119 - 094423
096120 - 094423
096121 - 094423
096124 - 096414 094423
096125 - 096414
096130 - 094140
096131 - 095140
096208 - 236501 096210
096209 - 236363 094240
096210 - 094223 234247
096211 - 094594 234247 094223 234247 094591 094591 094591 094223
096215 - 234247 094223
096220 - 236363 094222
096225 - 236363
096226 - 
096227 - 234247 094223
096228 - 234293 234247
096229 - 234247 094223
096230 - 094222
096240 - 234247
096250 - 234247 094223 094222
096260 - 094222
096261 - 094222
096262 - 104167 094412 094219 104009 094411 094219
096263 - 095605 096264
096264 - 096600 095605
096265 - 094223
096280 - 104167 104009
096310 - 104222 104024 094440 094412 094314
096320 - 094334 094314
096324 - 098413 094314
096326 - 094313 094223
096327 - 104281 094313 104014 094313 104020 094313 104004 094313
096328 - 
096400 - 094480 094423
096401 - 094480 094423
096410 - 098430 094480 094423
096411 - 094423
096414 - 094480 094423
096420 - 096410 094480
096425 - 096410 094314
096430 - 094480
096444 - 094423
096465 - 094423
096475 - 096410
096501 - 
096502 - 094594 094592 094564
096520 - 104020 104004 094594 094503 104020 104004 094591 094503
096527 - 094504
096530 - 098501 096520
096531 - 104013 094514 094504
096536 - 094592 094505
096537 - 094591 094501
096552 - 096555
096553 - 207804 207630 096520 094594 094591 094503
096555 - 094504
096556 - 094564
096567 - 094503
096568 - 096555 094503
096570 - 094411 094323
096572 - 106173 097317 096575 096570
096573 - 096575 096570
096574 - 094504
096575 - 094412 094323 094411 094323
096580 - 096586 096425
096581 - 094513 094503
096582 - 094591
096586 - 094504 094423
096588 - 098581 094566 096586 094566
096589 - 
096590 - 
096600 - 095605
096601 - 095605
096602 - 095605
096609 - 
096616 - 098617
096617 - 095605 094423
096620 - 095604 094423 095605 094423
096630 - 096600 095605
096648 - 095605
096676 - 094606
096808 - 095605 095604
096809 - 095605 095604
096813 - 274346 096816 096814 096816 096814 045000
096814 - 
096815 - 
096816 - 
096817 - 
096820 - 094831 094222
096911 - 094480 094431
097114 - 094117
097120 - 094313
097121 - 094313
097122 - 096414 094423
097129 - 
097130 - 094222 094139
097131 - 096130 095112 094140
097139 - 094139
097140 - 095140
097142 - 094142
097151 - 094334 094115 094113 094139
097163 - 094334 094163 095111 094165
097209 - 094411 094223 094314 094223
097210 - 236501 096210
097211 - 044334 044268 236370 234247 236334 234247 096250 094223
097230 - 094222
097240 - 094222
097250 - 234247 234119 096250
097311 - 094313
097317 - 104009 094412
097324 - 094313
097328 - 094313
097329 - 094411 094112
097330 - 094313
097331 - 098341 096326 096310 098413
097332 - 094313
097333 - 094423 094412 094313
097334 - 104167 094344 094313
097353 - 
097449 - 094423
097465 - 096410
097510 - 094334 094323 094314
097616 - 095605 094423 096600
097638 - 096617 095618 094137
097657 - 094607 094606
097659 - 094616
104001 - 
104003 - 
104004 - 104031 104018 104017 104012 104003
104006 - 
104009 - 
104012 - 
104013 - 104012
104016 - 
104017 - 
104018 - 
104020 - 104018 104017
104022 - 104018 104017 104012 104010
104030 - 104285
104034 - 104281 104022 104020 104014
104090 - 
104110 - 104167 104016 104009 104006
104112 - 104135 104022 104281 104134 104134 104014 104134 104020 104281 104172 104171
104114 - 104167 104016 104009 104006
104118 - 104191
104120 - 104281 104018 104017 104012
104122 - 104281 104022 104020 104013
104131 - 
104134 - 104167 104016
104135 - 104167 104012 104016 104012
104142 - 104195 104012
104144 - 104172 104142
104154 - 104279 104172
104165 - 104281
104167 - 
104171 - 104167
104172 - 104167
104177 - 104282 104172 104171
104181 - 104285 104282 104142
104182 - 104285 104282 104142 104122
104183 - 104172 104171
104184 - 104279
104185 - 
104186 - 
104187 - 
104191 - 
104192 - 104131 104014 104135 104020 104282 104131 104135 104014 104135 104022 104282 104135 104285 104014 104285 104011 104285 104282
104193 - 104195 104167
104194 - 
104195 - 
104198 - 104191
104215 - 104281 104022 104020 104014 104013 104004
104218 - 104285 104014 104135 104014 104131 104014 104135 104020 104285 104004 104285 104020 104131 104020 104135 104004 104131 104004
104221 - 104013 104281 104022 104020 104014 104013
104222 - 104281
104223 - 
104250 - 104279
104251 - 104285
104270 - 104135 104014 104285 104282
104274 - 104279
104276 - 104167 104142
104277 - 
104279 - 104172
104280 - 104279
104281 - 104195
104282 - 104281 104171
104283 - 104281
104284 - 104171
104285 - 104281 104167
104286 - 
104290 - 
104291 - 104286
106000 - 104165 104276
106100 - 104172 104171
106101 - 
106156 - 104290
106170 - 104280 104279
106173 - 
106300 - 104193
106306 - 104279 104134 104016 104279 104172 104171
106307 - 104172 104171 104168
106308 - 106330 104134 106330 104172
106309 - 104142 104134 104131 104004 104285 104281 104172 104142
106320 - 104165
106326 - 104286
106330 - 104172 104171 104168
106337 - 104285 104282 104276
106344 - 
106347 - 
106349 - 104222 104165 106378
106350 - 106723 104177
106351 - 234107 104283
106353 - 
106365 - 104142
106372 - 104286
106378 - 104165 104142
106380 - 
106381 - 
106383 - 104172 104171 104142 104168 104142
106384 - 104142
106385 - 
106386 - 104276
106387 - 104276
106388 - 104285
106389 - 
106390 - 104142
106391 - 104285
106393 - 
106394 - 104282 104022 104020 104013 104011
106395 - 104122
106396 - 
106397 - 
106398 - 106383
106400 - 104285
106401 - 106723 106383
106402 - 106320
106403 - 
106404 - 
106405 - 
106406 - 104122
106407 - 104122
106409 - 104030
106410 - 104030
106411 - 104172 104171
106413 - 104165 104030
106414 - 104222 104034
106415 - 104285 104283
106416 - 104030
106420 - 104285
106422 - 104165
106423 - 
106424 - 
106425 - 
106426 - 
106427 - 104172 104171 104168
106428 - 104276
106429 - 104222 104165
106430 - 104276 104165
106431 - 104122
106432 - 104172 104171 104168
106433 - 104276
106434 - 104222 104034
106435 - 104276
106500 - 104285
106501 - 
106702 - 
106716 - 
106723 - 104282 104172 104171 104282 104168
106725 - 
106742 - 104222
106800 - 
106801 - 104193
106802 - 
106803 - 
106916 - 104165
106920 - 104122
106921 - 
106922 - 
106925 - 
106926 - 
106927 - 
106928 - 
106929 - 
106930 - 
106931 - 
106932 - 
106933 - 
106934 - 
106935 - 
106936 - 
106937 - 
106940 - 106156
106941 - 
106942 - 104276
106950 - 
106960 - 
106970 - 
196001 - 104191 034013
196004 - 
196005 - 
196006 - 
196007 - 104191 034013
196008 - 
196009 - 
196010 - 
196011 - 196010
196105 - 
197008 - 
197009 - 104192
197010 - 
197011 - 
197012 - 
197013 - 
114003 - 104091 104087
114004 - 
114010 - 
114011 - 
114014 - 
114016 - 114075 104011
114017 - 114210 044148
114018 - 114074 044102 114071 044102
114019 - 114076 114020 044102 114075 114020 044102
114020 - 114074 044102 114071 044102
114021 - 114076 114018 044102 114075 114020 044102 114075 114018 044102 114076 114020 044102
114027 - 114031
114028 - 114250 114027
114030 - 114075 114020 044102
114031 - 114030 044102 114021 044102 114019 044102
114032 - 114071 044102 114051 044102
114033 - 114075 114032 044102 114052 114032 044102
114051 - 113013
114052 - 114077 113014 114071 113014 114051 113014
114053 - 114075 114052
114071 - 113013
114073 - 114075 104131
114074 - 113013
114075 - 114071 113014
114076 - 114074 113014 114071 113014
114077 - 
114078 - 114077 114071 114051
114081 - 114071 114051
114082 - 114081 114075 114081 114052
114086 - 114075 104135 114076 104135
114101 - 114075 104135 104013 114076 104135 104013
114102 - 114101
114208 - 114027
114209 - 114250 114027
114210 - 124408 124400 115203 114073
114226 - 115203
114227 - 115203
114229 - 
114245 - 114101
114248 - 113013
114249 - 114248 113014
114250 - 114031
114251 - 114250 114027
114252 - 115211
114253 - 114075
115203 - 114101
115204 - 115203
115211 - 104034
116003 - 115203 114210
116004 - 115204
116025 - 114203 114101
116026 - 117014 116025
116027 - 115211
116028 - 114204
116029 - 115211
116030 - 114204
116031 - 115203 114073
116032 - 115204 115203 114245
116105 - 114073
116140 - 114217
116161 - 115204
116163 - 115204
116217 - 115211 115203
116321 - 115211
116354 - 115211 115203
117001 - 115204
117010 - 116217
117015 - 115203
117016 - 116027 115211 114075 116027 115211 114076
117021 - 116217 115211
117089 - 117018 114217
124106 - 125001 115203 125011 115203
124114 - 
124115 - 
124116 - 
124117 - 
124118 - 124117
124120 - 124117 124115 124114
124122 - 124120 124114
124212 - 124220
124213 - 125101 124220
124214 - 124213 124212 125102 124213
124220 - 124117 124115 124122 124114 124122 124120 124122 124114
124300 - 124711 124708 124118 124117 124711 124708 124114 124711 124708 124116 124115
124305 - 124711 124708 124118 124117 124711 124708 124114 124711 124708 124116 124115
124353 - 124911 124711 124605 124416
124355 - 
124400 - 124120 114078 104131 104004 124120 114052 104131 104004 124116 124115 114052 104131 104004 124116 124115 104131 104004 124118 124117 114078 104131 104004 124118 124117 114052 104131 104004
124408 - 124120 114078 104131 104004 124120 114052 104131 104004 124116 124115 114052 104131 104004 124116 124115 104131 104004 124118 124117 114078 104131 104004 124118 124117 114052 104131 104004
124413 - 124415 124400 124415 124408
124414 - 315003 124415 124120 124115 124114 054215
124415 - 124120 114052 104131 104004 124120 114078 104131 104004 124118 124117 114078 104131 104004 124118 124117 114052 104131 104004
124416 - 114052 104004
124417 - 115203 114245 124416 124400 124416 124408
124503 - 125011 104004 104003 125001 104004 104003 124114 104004 104003 124120 104004 104003
124510 - 124120 104092 104091 125011 104091 104090 125001 104091 104090
124601 - 124415
124605 - 124601 124415 124414 124413 124400 124610 124417 124415 124414 124413 124400 124601 124417 124415 124414 124413 124408 124610 124417 124415 124414 124413 124408
124608 - 127427 124414 124413 124400
124609 - 124415 124414 124408
124610 - 124415
124703 - 124911 124711 124414
124708 - 125011 125001 124120 124118 124117 124114
124711 - 125801 124801 124708
124801 - 125011 125001 124120 124114
124902 - 124911 124711
124906 - 125801 124213 124711 124213 124708 124213
124910 - 124911 124601 124911 124610
124911 - 124708
125001 - 
125011 - 
125101 - 125011 125001 124120 124114
125102 - 125101
125105 - 125101
125801 - 125011 125001 124120 124114
125802 - 125011 125001 124120 124114
126200 - 124300
126300 - 126200
126302 - 124214
126303 - 124902 124305
126304 - 134019 124415
126600 - 124605 124412
126601 - 124417 124413 124408
126602 - 124417 124413 124408
126700 - 124703
126701 - 124703
126703 - 124703
126901 - 124902
126902 - 124703 124610 124601
127107 - 124703 124210
127205 - 
127206 - 127430 124504 124214 124213
127207 - 124214 124213
127403 - 124414
127405 - 124412
127406 - 124408 124400
127408 - 124417 124416
127411 - 124414 124408
127412 - 124414 124400 124414 124408
127415 - 124414 124400 124414 124408
127418 - 124417 124416 124400 124417 124416 124400
127419 - 114052
127421 - 124417 124416
127423 - 
127424 - 
127425 - 124408 124400 114203 104005
127427 - 124417 124416 124413
127428 - 124417 124416 124413
127430 - 124417 124416
127432 - 124417 124416
127433 - 
127434 - 315003 125011 125001 124413
127435 - 124408 124400 115204
127436 - 124413 115211
127437 - 124413
127438 - 124408 124115 124400 124115 124408 124114 124400 124114
127500 - 125001 124115 124114
127707 - 124703
127708 - 124703 124414
127710 - 124703 124408 124703 124400
127712 - 124703
127718 - 134044 134006 125801 134044 134006 124711
127724 - 124711 124414
127725 - 124703
127727 - 124711
127728 - 124711
127729 - 
127730 - 124901 124711
127731 - 124711 124708
127734 - 124708 124711
127735 - 126200 124711
127737 - 127703 124711
127738 - 124711
134014 - 134118 134111 134058
134015 - 134014
134019 - 134058 125011 134127 124114 134058 124114
134020 - 134127 134058
134037 - 134111
134039 - 134082 064419 134121 134082
134040 - 134113 134067 134113 134019
134049 - 
134054 - 134111
134055 - 134116 134128
134058 - 
134064 - 
134067 - 125801 015005 124801 015005 134058 124801 134058 125801 134127 124801
134069 - 134119 134116
134071 - 
134072 - 
134073 - 
134074 - 
134075 - 
134076 - 
134082 - 134020 134019 124708 134067 134020 125801 134067 134020 124708 134020 134019 125801
134088 - 
134111 - 134058
134112 - 
134113 - 134067 124708 134019 124708 134067 125801 134019 125801
134114 - 134019 124708 134019 125801
134116 - 134113 134082
134117 - 134113 134111 134082
134118 - 134113 134082
134119 - 134113 134082
134120 - 134020
134121 - 134113 134082
134122 - 134119 134082
134123 - 
134124 - 
134125 - 
134126 - 
134127 - 
134128 - 134113 134082
134129 - 134119 134116
134130 - 134113 134082
134131 - 134113
134132 - 134120 134119 134082 134020
134133 - 
134134 - 
134135 - 134020 014968 134133 134020
134136 - 134082 124510 114078 134082 114052 104004 054215 134082 124510 114004 104092
134137 - 134128 134082
134139 - 134019 125801
134140 - 274238 274134 336022 336004 134019 134128 134113
136014 - 276413 134128 134082
136016 - 134128 134113 134082 134019 134116 134113 134082 134019
136021 - 134020 134019 134113 134020 134113 134020 134019
136022 - 274331 134121 064419
136023 - 134111 134037
136030 - 134128 134119 134119 134116
136031 - 134082
136032 - 134119
136033 - 134118 134040
136034 - 134019 125801 124510
136035 - 134067 134058 134019
136066 - 
136067 - 134118 134040
136083 - 134119 134082 134020 134004
136088 - 134119 134082 134020
136090 - 134119 134082 134019
136093 - 134019 124510 134113 124510
136104 - 
136105 - 134128 134082
136200 - 
136201 - 
136202 - 136007
136203 - 
136204 - 
136205 - 136007 134076 134057
136206 - 
136207 - 
136208 - 
204000 - 
204002 - 
204090 - 
204091 - 204090
204092 - 205654 204622
204093 - 205654 204622
204150 - 
204151 - 
204152 - 
204202 - 204203
204203 - 
204400 - 
204401 - 204400
204403 - 204401
204406 - 
204540 - 204200
204609 - 204202
204611 - 204609
204620 - 205661
204621 - 204620
204622 - 204621
204623 - 204622
204624 - 204623
204625 - 204624
204626 - 204625 204403
204627 - 204626
204650 - 204620
204651 - 205652 204620
204652 - 204620
204653 - 205257 204622
204654 - 205652 204620
204701 - 204622
204702 - 204622
204706 - 204622
204707 - 204622
204711 - 204622
204712 - 204622
204714 - 204622
204715 - 204002 204000
204716 - 204622
204717 - 204622
204718 - 204622
204719 - 204622
204720 - 
204721 - 
204722 - 
204723 - 
204724 - 
204725 - 
204950 - 
205001 - 
205002 - 
205030 - 205655
205031 - 205652
205032 - 205655
205063 - 205071
205064 - 205063
205068 - 205071
205071 - 
205090 - 205652
205091 - 205090
205092 - 205091
205093 - 
205094 - 205092
205096 - 
205097 - 205654
205098 - 205655 205097
205099 - 
205100 - 205094
205101 - 205094
205110 - 205091
205111 - 205092
205112 - 205091
205113 - 205094
205114 - 205092
205115 - 205092
205151 - 
205152 - 205654
205154 - 205654
205155 - 205151
205160 - 205252
205161 - 205654 204622
205200 - 
205201 - 
205250 - 205655
205251 - 205652
205252 - 205653
205253 - 205655
205254 - 
205255 - 205652
205256 - 205654
205257 - 
205258 - 
205301 - 205655
205302 - 205655 205301
205303 - 205655 124111 016302
205404 - 205656 205423
205406 - 
205407 - 
205421 - 205457 205420 014509
205422 - 205421
205423 - 205422
205424 - 205423 205422
205425 - 
205450 - 
205451 - 
205452 - 205451
205453 - 205457
205454 - 205453
205455 - 205454
205456 - 205452
205457 - 
205480 - 114014
205481 - 205504 205480
205482 - 114014
205483 - 205503 205482
205484 - 205661 114014
205485 - 205501 205484
205486 - 
205487 - 205502 205486
205489 - 205492
205490 - 
205491 - 205492
205492 - 114014
205493 - 
205494 - 
205501 - 205652 114014
205505 - 205656
205506 - 205656
205507 - 205656 114014
205508 - 205656 205490
205541 - 
205571 - 205655 204622
205616 - 205656
205617 - 205656
205618 - 205656
205619 - 205656
205620 - 205656
205621 - 205656
205622 - 205656
205623 - 205656
205624 - 205656
205625 - 205656
205626 - 205251
205627 - 205251
205628 - 205201 204200 204152 204150
205629 - 205655 205422
205630 - 205657
205631 - 205201 205200 204152
205634 - 205656 205492
205635 - 205657 205492
205636 - 205657 205492
205638 - 
205652 - 205661
205653 - 205652
205654 - 205653
205655 - 205654
205656 - 205655
205657 - 205656
205658 - 205657
205659 - 205658
205660 - 205659
205661 - 
205690 - 
205691 - 
205692 - 
205693 - 
205694 - 
205695 - 
205696 - 
205697 - 
205698 - 
205699 - 
205700 - 
205701 - 
205702 - 
205703 - 
205704 - 
205705 - 
205706 - 
205707 - 
205708 - 
205709 - 
205710 - 
205711 - 
205712 - 
205713 - 
205714 - 
205715 - 
205716 - 
205717 - 
205718 - 
205719 - 
205720 - 
205721 - 
205800 - 
205812 - 
205813 - 
205814 - 
205815 - 205812
205816 - 
205873 - 205884
205874 - 
205875 - 
205877 - 205884
205883 - 
205884 - 205883
205885 - 205884
205921 - 205812
205980 - 205656
205981 - 
206041 - 
206042 - 206911
206045 - 
206046 - 
206050 - 
206060 - 207930
206070 - 
206080 - 
206095 - 
206096 - 
206100 - 
206140 - 205091
206142 - 
206144 - 205092
206145 - 
206150 - 
206160 - 205092
206170 - 
206180 - 
206401 - 205092
206402 - 206910
206405 - 
206500 - 205405
206560 - 
206561 - 205484
206562 - 
206563 - 
206564 - 
206566 - 
206570 - 
206571 - 
206572 - 
206573 - 
206710 - 
206720 - 
206730 - 
206740 - 205423
206745 - 205423
206805 - 
206808 - 
206810 - 
206811 - 205921
206812 - 
206814 - 
206815 - 
206816 - 
206817 - 
206818 - 
206820 - 
206825 - 
206830 - 
206835 - 
206840 - 
206910 - 
206911 - 206910
206912 - 
206913 - 
206914 - 
206915 - 
206916 - 
206920 - 
206930 - 
206931 - 
206940 - 
206945 - 
206946 - 
206947 - 
206951 - 
206955 - 
206960 - 
206965 - 
206970 - 
206975 - 205571
206980 - 
206983 - 206955 205097
206985 - 
206987 - 
206988 - 
206990 - 
206991 - 
206992 - 
206993 - 
206994 - 
206995 - 
206996 - 
206997 - 
206998 - 
206999 - 
207001 - 
207002 - 
207005 - 
207020 - 
207030 - 207700
207040 - 207804 207802 207800
207041 - 209270
207042 - 
207044 - 
207045 - 207001
207047 - 
207050 - 
207055 - 
207060 - 207804
207065 - 
207070 - 
207075 - 
207080 - 
207085 - 
207090 - 
207342 - 
207343 - 
207344 - 207804 207200
207406 - 207701 207700 207001
207407 - 209270
207408 - 209270
207410 - 
207415 - 
207420 - 
207430 - 
207440 - 
207450 - 
207455 - 
207460 - 
207461 - 
207462 - 
207463 - 
207464 - 
207465 - 
207560 - 205655 204623
207600 - 
207601 - 207630
207632 - 
207700 - 
207701 - 207700
207702 - 
207800 - 
207804 - 
207806 - 
207807 - 
207808 - 
207810 - 
207820 - 
207825 - 
207830 - 
207900 - 
207901 - 
207910 - 
207913 - 
207914 - 
207930 - 206810
207935 - 
207940 - 
207945 - 
207952 - 
207955 - 
210119 - 
214094 - 
214095 - 214094
214096 - 
214097 - 
214098 - 
214103 - 
214110 - 
214112 - 
214114 - 
214115 - 234112 104167 104004 104003 234111 104167 104004 104003
214116 - 
214122 - 
214125 - 
214131 - 234112 104091 234111 104091 104091 234112 104213 234111 104213
214199 - 
214200 - 
214206 - 104195 104010
214207 - 104114 104110
214208 - 104011 104281
214209 - 104290 104195 104290 104018
214213 - 
214214 - 104010
214215 - 
214216 - 
214217 - 
214220 - 214217 214216
214223 - 214207 214206
214224 - 214209 214208
214227 - 
214301 - 114071
214302 - 114071
214303 - 214302 214301
214304 - 114072 114071
214305 - 114072 114071
214306 - 
214400 - 
214401 - 
214402 - 
214403 - 214402 214401
214407 - 
214408 - 
214409 - 
214500 - 214502 214501
214501 - 
214502 - 
214509 - 
214601 - 044105
214602 - 
214603 - 214602
214605 - 044105
214606 - 044105
214607 - 134058 134010
214608 - 
214609 - 
214701 - 
214702 - 
214703 - 214701 214702
214704 - 
214705 - 
214706 - 
214707 - 
214708 - 
214901 - 
214902 - 
214903 - 214902 214901
214907 - 
214908 - 234122
214909 - 
214910 - 234111
214911 - 234218 234118
214912 - 
216101 - 
216110 - 114075 114052 114004
216112 - 214209 214208 214203
216113 - 214098 214097
216116 - 
216117 - 
216122 - 234218
216123 - 214209 214208 214207 214206
216124 - 214400 214607 214409
216125 - 214209 214208 214207 214206
216126 - 214903 214303 214224 214223
216127 - 
216128 - 
216129 - 
216131 - 214607 214601 214501 214409 214401 214400 214301
216132 - 214209 214207
216133 - 214208 214203 214209
216134 - 
216141 - 214209 214200 214199
216142 - 
216143 - 
216144 - 214701 214702
216150 - 
216200 - 214501 214103 214401
216318 - 214607 214409
216319 - 214607 214506 214505 214405 214404 214305 214304
216320 - 214902 214702 214602 214502 214501 214402 214401 214304 214208
216400 - 214401 214103
216500 - 214501 214113
234107 - 234114 104016 104013 234114 104167 104013 234111 104016 104013 234111 104167 104013 234114 104016 104014 234114 104167 104014 234111 104016 104014 234111 104167 104014
234111 - 
234112 - 
234114 - 
234117 - 
234118 - 234117 234114 234111
234122 - 234114 234111
234123 - 234218 234118
234127 - 
234141 - 104195 104167 104167 104012
234145 - 
234218 - 234122 104286 234141 234122
234230 - 
234231 - 
234247 - 234218 234141
234262 - 234145 044145
234267 - 234262 234118
234270 - 236321
234290 - 
234291 - 
234293 - 234114 044145 234145 234114
234299 - 104167 104013 104016 104013 104167 104014 104016 104014
234301 - 236363
234302 - 236360
234303 - 234123
234304 - 236501
234305 - 234262
234306 - 234262
234307 - 236321
234308 - 234307
234309 - 234218
234310 - 234309
234311 - 236703
234312 - 236321 234311
234313 - 
234319 - 234122
234322 - 234218 104034 234218 094412
234325 - 234218 044268
234326 - 234325
234329 - 236873 236861 236860 236327 234325 046345 046200
234523 - 234114 134127 234112 134127 234111 134127 234114 134058 234112 134058 234111 134058
234525 - 234114 134127 234111 134127 234112 134127 234114 134058 234112 134058 234111 134058
234900 - 234247
236299 - 236353
236303 - 236299
236304 - 236343 234293
236305 - 234262
236307 - 234141 104222 104167 104286 104167 094412 104286 104222 104167 234141 104167 094412
236308 - 104286 104279 104172 104286 104134 234141 104279 104172 234141 104134
236309 - 104279 104134
236310 - 236353 236343
236311 - 104167 104134
236312 - 234247 234218
236313 - 236343
236315 - 104279 104134
236320 - 234107
236321 - 234218
236323 - 236363
236324 - 234325
236327 - 104014 104013
236328 - 234325
236329 - 234326 046345
236330 - 104167 104014
236331 - 236343 234293 236343 234292
236334 - 234247 104034 234247 094412
236336 - 
236339 - 104167 104134 104014 104013
236340 - 236334
236341 - 236334
236342 - 234293
236343 - 234247
236345 - 236342
236346 - 236342
236347 - 236360
236349 - 236350
236350 - 234123
236351 - 236370 236334 234123
236353 - 234293
236354 - 234262 234247 234247 044262
236356 - 236363
236357 - 236343
236358 - 236357
236359 - 236343 104034 236343 094412
236360 - 236353
236361 - 236360
236363 - 234293
236366 - 234123
236368 - 236353 234293 234123
236369 - 236363 234122
236370 - 234267 234123
236371 - 
236372 - 236501 234247 104034 236501 234247 094412
236373 - 234325
236374 - 236343 234247 104034 236343 234247 094412
236375 - 234247 234218 104167 094412
236376 - 046210 046209 234123
236381 - 234262
236500 - 236506
236501 - 234293 234247 234218
236502 - 236501
236503 - 234123
236504 - 236502 236366 236361 236323
236506 - 236343 104134 104034 236343 104134 094412
236508 - 236506 236343
236509 - 234123
236510 - 236363 234322
236512 - 236353 234293 234247
236514 - 104279 104172 044114 104286 104279 104172 234141 104279 104172 104134 044114 104286 104134 234141 104134
236515 - 236309
236518 - 236313 104034 236313 094412
236520 - 104034 044145 094412 044145 234145 104034 234145 094412
236521 - 236343 234247
236522 - 234247 104034 234247 094412
236523 - 234114 134127 234114 134058 234112 134127 234112 134058 234111 134127 234111 134058
236524 - 234218 134058 134020 236522 234523 236523 236522
236601 - 
236602 - 
236603 - 
236604 - 
236605 - 
236606 - 
236607 - 
236608 - 
236609 - 
236610 - 
236611 - 
236612 - 236506 046270
236613 - 
236620 - 
236621 - 
236624 - 
236625 - 
236627 - 
236628 - 
236629 - 
236631 - 
236632 - 
236633 - 
236634 - 
236635 - 
236637 - 
236638 - 
236640 - 
236643 - 
236644 - 
236645 - 
236646 - 
236647 - 
236648 - 
236649 - 
236698 - 236321
236699 - 234262 234247
236700 - 236703 236321
236703 - 234319
236714 - 234293
236715 - 236343 104034 236343 094412
236716 - 234218
236719 - 234218
236729 - 236719
236754 - 236927 236873 236861 236860 236716 236501 236373 236327
236755 - 236343
236756 - 236501
236757 - 236756
236760 - 236343
236780 - 234247 234123
236790 - 234107
236800 - 236321
236801 - 
236802 - 
236803 - 
236804 - 
236805 - 
236806 - 
236807 - 
236808 - 
236811 - 
236812 - 
236813 - 
236814 - 
236815 - 
236816 - 
236817 - 
236818 - 
236819 - 
236820 - 
236821 - 
236822 - 
236823 - 236990 116031
236824 - 
236825 - 
236826 - 
236827 - 
236860 - 236327 044198
236861 - 104013 044198 234247 104013 104014 044198 234247 104014
236862 - 236860 046200
236873 - 236327 046200
236874 - 236873 236327
236875 - 236873 236860
236918 - 234247 046237 236354 234247
236927 - 234247 234218
236941 - 104034 094412
236950 - 236941
236951 - 236941
236990 - 114052 104122 234262 114052 124400 115203 114073
236991 - 124400 115203 114053
274001 - 
274018 - 
274019 - 
274020 - 
274023 - 
274024 - 274023 274020
274025 - 274023 274020
274026 - 274023 274020
274027 - 
274028 - 274023 274020
274029 - 274023
274030 - 274020
274031 - 274024
274032 - 
274033 - 
274034 - 
274035 - 
274036 - 
274037 - 
274040 - 
274041 - 
274042 - 274040
274043 - 274040
274044 - 
274045 - 274044 274043 274042
274046 - 274044 274041
274047 - 274044 274041
274048 - 274044 274042 274040
274062 - 
274063 - 
274064 - 
274065 - 
274066 - 
274070 - 274002 134029 134016 134006
274071 - 134012
274072 - 276413 274340 274328 274070
274073 - 274071 134029
274074 - 274073 134029 134016 134006
274075 - 276413 276310 274340 274332 274331 274328 274073 274072 274070
274076 - 274071 274043
274106 - 
274107 - 274134 274108
274109 - 
274110 - 
274111 - 
274112 - 
274113 - 
274114 - 
274117 - 
274118 - 
274119 - 
274121 - 
274123 - 
274124 - 
274125 - 
274126 - 
274127 - 
274128 - 
274129 - 
274130 - 
274131 - 
274132 - 274131
274134 - 
274135 - 
274136 - 
274137 - 
274202 - 
274203 - 274107
274204 - 274203
274210 - 
274213 - 124510 114249
274214 - 274125
274215 - 274107
274216 - 274112
274217 - 274125
274218 - 274118 274117
274219 - 
274221 - 274106
274222 - 274111
274223 - 274137 274107
274226 - 274107 125802
274227 - 274107
274228 - 274125
274229 - 
274230 - 276200 274238 274226 274223 274240 274238 274223
274232 - 
274234 - 274132
274235 - 274234
274236 - 124510 114249
274237 - 274238
274238 - 274137 125802 274107 125802
274239 - 274303 274126 274112
274240 - 274137 274107
274300 - 
274303 - 274126 274112
274306 - 274228 274217 274216 274214 274125
274307 - 274228 274217 274216 274214 274125
274308 - 276200 274324 274323
274309 - 276310 274230
274310 - 274303 274112
274311 - 274227
274312 - 274324 274323
274313 - 274324 274323
274314 - 274348 274323 274324 274323
274315 - 274303 274112
274316 - 274303 274112
274317 - 
274318 - 
274320 - 
274321 - 
274323 - 274240 274213 274114 274240 274236 274114
274324 - 274213 274118 274117 274002
274325 - 274218 274213
274326 - 274235
274327 - 
274328 - 276310 276200 274240
274329 - 274222 274111
274330 - 274222 274111
274331 - 274230 274223 274107 274230 274223 274137
274332 - 274230 274226 274238 274230
274333 - 276310 274230
274334 - 276310 274324 274323 274107
274337 - 276310 274325 274324 274323
274340 - 274230 274108 274107 274230 274108
274341 - 274307 274306
274342 - 274307 274306
274343 - 274321
274344 - 
274345 - 
274346 - 
274348 - 274240 274213 274114 274240 274236 274114
274349 - 274348 274323 274240 276200 274348 274324 274323
274350 - 276310 274230
274351 - 276310 274348 274325 274323
274352 - 276310 274348 274323 274137 276310 274348 274323 274107
274353 - 274219
274354 - 274230 274137 274230 274107
274355 - 276310 274328 274325 274324 274323 274303 274229 274228 274214 274124
274401 - 274308
274403 - 
274404 - 274308
274405 - 
274406 - 274404 274308
274407 - 276310 274325 274324 274323
274408 - 274407 274328
274421 - 274401
274425 - 
274500 - 
274502 - 274425
274503 - 274425
274505 - 
274506 - 
274507 - 
274508 - 
274509 - 
274510 - 
274511 - 274510
274512 - 
274513 - 
274514 - 274502
274515 - 274502
274516 - 
274517 - 
274518 - 
274519 - 274502
274521 - 274421 274401
274522 - 
274523 - 274527 274408 274343 274342 274341 274228 274217 274214 274130
274524 - 
274525 - 
274526 - 
274527 - 274343 274321
274528 - 
274529 - 274602 274601 274528 274527 274523 274506
274530 - 274503
274531 - 
274532 - 
274533 - 
274534 - 274343 274321
274536 - 274605 274528 274522 274507
274537 - 274604 274602 274601 274536 274534 274528 274509
274600 - 274502 274500
274601 - 274505 274500
274602 - 
274603 - 274500
274604 - 274500
274605 - 274505
274606 - 
274607 - 
274608 - 274500
274609 - 274500
274610 - 274510
274611 - 274510
274612 - 274510
274613 - 274510
274614 - 274505 274500
274615 - 274510 274505
274616 - 274500
274617 - 
274618 - 
274619 - 
274621 - 274527
274622 - 274522
274623 - 
274627 - 
274628 - 
274629 - 
274630 - 
274631 - 
274632 - 274533 274507
274633 - 274503
274634 - 274503
274635 - 
274636 - 274534 274527 274343 274321
274637 - 274528 274522
274638 - 274523
274650 - 274505 274500
274651 - 274505 274500
274654 - 274602 274601 274528 274527 274523 274509
274655 - 274602 274601 274528 274527 274523 274506
274700 - 274600 274500
274701 - 274600 274502
274702 - 274521
274703 - 
274704 - 
274705 - 274605 274505
274706 - 274605 274506
274707 - 274705 274522
274708 - 
274709 - 
274710 - 274613 274612 274611 274610 274512 274511 274510
274711 - 274513
274712 - 
274713 - 
274714 - 
274715 - 
274716 - 
274717 - 274518
274718 - 274601
274719 - 274509
274720 - 274602
274721 - 274528
274722 - 
274723 - 274527
274724 - 
274725 - 274531 274518
274726 - 275610 274526
274727 - 275610 274526
274728 - 274532 274517
274729 - 274632 274533 274629 274507
274730 - 274632 274533 274629 274507
274731 - 274628 274503 274633 274503
274999 - 
275200 - 
275202 - 
275203 - 274221 274114 274113 274106
275204 - 
275205 - 
275206 - 
275208 - 274109
275209 - 275208 274109
275211 - 
275212 - 276203 274353 274223 274114 274113 274107
275302 - 274230
275310 - 274325 274218
275313 - 274222 274221 274111 274317 274222 274111
275314 - 104094 104093
275315 - 
275316 - 
275317 - 
275318 - 276010 274213
275403 - 
275437 - 
275441 - 
275442 - 274327 274323 274114
275500 - 274502
275501 - 274502
275502 - 274502
275503 - 274502
275504 - 274502
275505 - 274502
275506 - 274502
275507 - 274502
275508 - 274502
275509 - 274502
275510 - 274502
275511 - 274527
275512 - 274527
275513 - 274527
275514 - 274527
275515 - 274527
275516 - 274527
275517 - 274527
275518 - 274527
275519 - 274527
275520 - 274527
275521 - 274527
275522 - 274526 274503
275523 - 274526 274503
275524 - 274503
275525 - 274526 274503
275526 - 274526 274503
275527 - 274526 274425 274349
275600 - 274513
275601 - 274513
275602 - 274513
275603 - 274513
275604 - 274513
275605 - 274513
275606 - 274513
275607 - 274513
275608 - 274513
275609 - 274513 274506
275610 - 274513
275611 - 
275612 - 
275613 - 
275614 - 
275615 - 
275616 - 
275617 - 
275618 - 
275620 - 274519
275621 - 274510
275622 - 274510
275623 - 274523
275624 - 274523
276000 - 
276001 - 
276002 - 274320
276003 - 274134 274107 274137
276004 - 
276010 - 134058
276011 - 336537 274001 278408 274213 276010 274001
276200 - 274137 274107
276203 - 277000 274236 274213
276207 - 
276208 - 
276308 - 274226 274215 274215 274226 134020 134020
276310 - 274238 274226
276413 - 134048 064507 064322 134044 134029 134020 134028 134019
276416 - 276308 274332 274331 274314
276418 - 274215 274107
276419 - 276413 276308 274230 274226 134044
276424 - 
276431 - 276310 274107 125801 125001
276450 - 
276451 - 
277000 - 124510 114249
277003 - 277000 274213
277004 - 277000 274213
277006 - 
277210 - 
277211 - 
277215 - 
277311 - 274323 274213
277316 - 276450 276310
277319 - 277001 274325 274213
277426 - 274226 134006
277430 - 277316 276424 276310 274408
277450 - 
277460 - 274226 274215
277490 - 
314003 - 104131
314006 - 314011 124400 314011 115203
314009 - 314011
314011 - 125001 124120 124117 124115
314100 - 
314124 - 314011 314009
314125 - 
314126 - 314011 314009
314127 - 314011 314009
314200 - 125001
314221 - 125011
314306 - 314535 314533 314011
314309 - 314533 314011
314310 - 314533 314200
314311 - 314535 314533 314011
314312 - 314533 124708 314533 124801 314011 124708 314011 124801
314316 - 314309
314317 - 314309
314322 - 314309
314323 - 314322
314326 - 314533
314327 - 314326
314532 - 314200 314011
314533 - 125001
314535 - 125001
315001 - 314006
315002 - 315001
315003 - 314011
315008 - 314533 314003 314011 314003
315012 - 315052 315037 315030 315008 314312 314311
315014 - 315002
315016 - 315030
315017 - 314532
315018 - 314533 314221 314011
315021 - 314309
315022 - 315008
315025 - 315014
315027 - 315030 315016
315030 - 127427 116217 114217
315031 - 315030 314311
315032 - 315008 314311
315034 - 314311
315035 - 315014
315037 - 314011
315038 - 314311
315039 - 315051
315040 - 314011
315041 - 127427 116217 114217
315042 - 127427 116217 114217
315043 - 314535 314533 314200 314011
315044 - 116217 114245 127427 124414 114245 114217
315045 - 315030
315046 - 315030 314011 114074 315030 314011 114051 315030 314011 114071
315048 - 315052 315003 314006
315051 - 314011 104218 314011 104216 314011 104223
315052 - 315051 315003
315054 - 
315055 - 314011
315242 - 314533 314011
315721 - 314312
316240 - 
316424 - 
317531 - 
317627 - 
320097 - 114076 114074 104281 104195 104167 104131 114076 114074 104167 104131 104011 104010
320098 - 114076 114074 104281 104195 104167 104131 114076 114074 104167 104131 104011 104010
320101 - 
320102 - 
320200 - 
324031 - 
324032 - 
324033 - 
324049 - 
324052 - 
324053 - 
324055 - 324053 324052
324061 - 
324062 - 324061
324063 - 324062
324064 - 324063
324065 - 
324066 - 324065
324067 - 324066
324068 - 324067
324118 - 
324134 - 
324153 - 
324155 - 
324163 - 
324167 - 
324168 - 
324171 - 
324172 - 
324173 - 
324174 - 
324183 - 
324185 - 
324186 - 
324187 - 
324188 - 
324195 - 
324216 - 
324217 - 
324218 - 
324219 - 
324220 - 
324221 - 
324227 - 
324228 - 
324229 - 
324230 - 
324232 - 
324235 - 
324236 - 
324238 - 
324239 - 
324242 - 
324244 - 
324290 - 
324291 - 
324300 - 
324329 - 
324351 - 
324385 - 
324386 - 
324388 - 
324390 - 
324394 - 
324397 - 
324402 - 
324408 - 
324415 - 
324416 - 
324419 - 
324422 - 
324423 - 
324481 - 
324482 - 
324483 - 
324485 - 
324486 - 
324494 - 
324495 - 
324496 - 
324497 - 
324502 - 
324503 - 
324505 - 
324510 - 
324516 - 
324519 - 
324522 - 
324523 - 
324529 - 
324538 - 
324549 - 
324561 - 
324567 - 
324571 - 324567
324580 - 
324581 - 
324587 - 
324588 - 
324589 - 
324590 - 
324593 - 
324597 - 
324600 - 
324602 - 
324603 - 324600
324604 - 324603
324605 - 324604
324606 - 324605
324607 - 324606
324609 - 
324611 - 
324614 - 
324621 - 
324625 - 
324626 - 
324627 - 
324628 - 
324630 - 
324631 - 
324632 - 324631 324630
324634 - 
324648 - 
324671 - 
324675 - 
324679 - 
324685 - 324033 324012
324692 - 
324693 - 
324694 - 
324695 - 
324726 - 
324737 - 
324766 - 
324780 - 
324792 - 
324798 - 
324857 - 
324861 - 
324863 - 
324864 - 
324868 - 
324873 - 
324877 - 
324884 - 
324891 - 
324898 - 
324899 - 
324900 - 
324901 - 
324902 - 
324903 - 
324904 - 
324905 - 
324906 - 
324907 - 
324908 - 
324909 - 
394580 - 
394581 - 
394582 - 
394584 - 
394587 - 
394589 - 394584
394590 - 
394800 - 
394801 - 
394802 - 
394803 - 
394804 - 
394805 - 
394806 - 
394808 - 
394820 - 
394902 - 
334009 - 274001 104135 104013 274001 104135 104014
334010 - 335334 274001 084505 335334 274001 034028
334011 - 044130 044105
334012 - 335334 334011 334009 034028 335334 334011 334009 084505
334013 - 334012 334010
334016 - 334013
334019 - 
334020 - 
334021 - 
334221 - 274001 125011
334303 - 
334331 - 
335001 - 335011 334011
335002 - 335001
335003 - 335001
335004 - 335001
335009 - 274001 104135 104013
335011 - 044105
335014 - 334011 334010
335015 - 335014
335016 - 276011 274001
335334 - 274001 104135 104014
336004 - 134067 134019
336017 - 
336020 - 044130
336021 - 334009 134058
336022 - 336004
336023 - 336533 114210
336208 - 044202
336214 - 336537 276010
336305 - 334009 276011
336325 - 084730 044130 034032
336326 - 104034
336401 - 125801 124801 124708
336405 - 
336501 - 044202
336502 - 104223 044130 104220 044130
336504 - 336502 114245 044140
336506 - 335334
336508 - 334009
336509 - 334010
336517 - 274001
336518 - 336403 274001 104220
336520 - 335334
336521 - 336522 334009
336522 - 336537 044130 276010 044130
336523 - 
336526 - 336004
336527 - 276011 274002 046326
336528 - 124801 124710
336529 - 336022 334221 334009
336530 - 335334 334009 276011 276010
336531 - 134019 094480 134019 104034
336533 - 114052 104223 114052 104214
336535 - 334009
336537 - 134058
336538 - 336004 124503
336539 - 104135 104014 334009 084311 084303 034013 016206 014211
336540 - 334011
337403 - 336537 334009 336537 335009
